vert1 =0,100,100
vert2 = 0,100,0
vert3 =100,100,0
vert4 =100,0,0
vert5 =100,0,100
vert6 =0,0,0
vert7 =100,100,100
vert8 =-100,-100,100
vert9 =-100,100,-100
vert10 =100,-100,-100
vert11 =100,100,100
vert12 =0,0,100
vert13=45,0,33
vert14=45,0,66
vert15=0,0,100
vert16=-45,0,66
vert17=-45,0,33
vert18=0,100,0
vert19=45,100,33
vert20=45,100,66
vert21=0,100,100
vert22=-45,100,66
vert23=-45,100,33
PRIMS:
Tetrahedron~(7,8,9),(7,8,10),(9,10,7),(9,10,8),[255,255,255]
Cube~(6,2,6),(6,4,6),(6,12,6),(4,3,4),(4,5,4),(5,12,5),(2,3,2),(3,11,3),(11,5,11),(11,1,11),(1,12,1),(1,2,1),[255,255,255]
Triangle~(12,2,4),[255,255,255]
Plane~(6,4,6),(6,12,6),(12,5,12),(4,5,4),[255,255,255]
Cylinder~(6,13,6),(13,14,13),(14,15,14),(15,16,15),(16,17,16),(17,6,17),(18,19,18),(19,20,19),(20,21,20),(21,22,21),(22,23,22),(23,18,23),(6,18,6),(13,19,13),(14,20,14),(15,21,15),(16,22,16),(17,23,17),[255,255,255]